-1.09219
-1.0725339999999999
-1.0158572000000001
-0.9736595999999998
-0.9196183999999998
-0.8728504
-0.7901807999999999
-0.7413163999999999
-0.6670119999999999
-0.5652655999999999
-0.5630883999999999
-0.4280352
-0.3281828
-0.3104072
-0.1628496
-0.11825199999999993
-0.06899640000000003
0.03579720000000003
0.061345200000000016
0.16551199999999988
0.21798320000000004
0.2958807999999999
0.32417919999999995
0.34389639999999994
0.4105168000000002
0.4027112000000001
0.45144799999999985
0.4392744
0.44587399999999994
0.44844919999999994
0.42224799999999996
0.40912360000000003
0.3806236
0.34073159999999997
0.30501199999999984
0.2508763999999999
0.1898044
0.16557120000000008
0.052877599999999955
0.0026583999999999497
-0.11432239999999994
-0.12762199999999996
-0.23877199999999993
-0.3155572
-0.38887079999999996
-0.45425719999999997
-0.5439039999999999
-0.5903284
-0.6832715999999999
-0.7874247999999999
-0.7715704
-0.9016492
-0.9676020000000002
-1.0195204
-1.0431676
-1.0758476
-1.0996768000000001
-1.1318312
-1.1491824
-1.1393952
