0.442706
0.462362
0.45082120000000003
0.4341035999999999
0.41682640000000015
0.38607440000000004
0.3478127999999999
0.31605639999999996
0.263228
0.19132959999999996
0.19970839999999998
0.07739519999999997
-0.011901199999999959
-0.022032800000000033
-0.16595040000000003
-0.21127600000000002
-0.26744759999999995
-0.3766092
-0.41307720000000003
-0.532168
-0.6130312
-0.7025768
-0.7548991999999999
-0.7909963999999999
-0.8980208000000001
-0.9244312000000001
-1.0059280000000002
-1.0367064
-1.073518
-1.0957492
-1.1281519999999998
-1.1226715999999999
-1.1356675999999999
-1.1445515999999998
-1.1368599999999998
-1.1165764
-1.0846244
-1.0840511999999998
-0.9982935999999999
-0.9771943999999999
-0.8864216
-0.8873179999999999
-0.7969160000000001
-0.7248628
-0.6617412
-0.5999947999999999
-0.5128959999999999
-0.46319559999999993
-0.3607884
-0.2540872
-0.25683759999999994
-0.10164279999999991
-0.021857999999999878
0.053356400000000054
0.10102760000000005
0.16137160000000006
0.20886080000000015
0.2883352
0.3267984
0.3737952000000001
