0.13199999999999998
0.208
0.336
0.44999999999999996
0.506
0.5720000000000001
0.688
0.72
0.792
0.88
0.9239999999999999
0.944
0.968
0.984
1.0
0.998
0.978
0.974
0.9319999999999999
0.8859999999999999
0.8200000000000001
0.788
0.716
0.6639999999999999
0.5660000000000001
0.45199999999999996
0.39199999999999996
0.252
0.16799999999999995
0.08399999999999996
-0.038000000000000034
-0.04200000000000004
-0.174
-0.30799999999999994
-0.374
-0.496
-0.524
-0.6200000000000001
-0.726
-0.784
-0.876
-0.8859999999999999
-0.95
-0.968
-0.974
-0.99
-1.0
-0.988
-0.968
-0.962
-0.932
-0.8739999999999999
-0.8240000000000001
-0.762
-0.674
-0.5840000000000001
-0.518
-0.42799999999999994
-0.3480000000000001
-0.208
