0.10600000000000004
0.246
0.366
0.39199999999999996
0.538
0.56
0.688
0.75
0.796
0.8719999999999999
0.886
0.9359999999999999
0.97
0.996
1.0
0.998
0.98
0.96
0.942
0.9059999999999999
0.8160000000000001
0.784
0.724
0.6859999999999999
0.562
0.488
0.368
0.272
0.18999999999999997
0.16599999999999995
-0.03400000000000003
-0.07200000000000004
-0.168
-0.302
-0.39
-0.45399999999999996
-0.5860000000000001
-0.62
-0.6619999999999999
-0.7639999999999999
-0.8160000000000001
-0.884
-0.9339999999999999
-0.9420000000000001
-0.992
-0.996
-1.0
-0.994
-0.962
-0.954
-0.9119999999999999
-0.832
-0.806
-0.74
-0.6960000000000001
-0.634
-0.5700000000000001
-0.4
-0.364
-0.19199999999999998
