-0.99
-0.99
-0.946
-0.9079999999999999
-0.8620000000000001
-0.812
-0.734
-0.6819999999999999
-0.6000000000000001
-0.488
-0.492
-0.326
-0.20399999999999996
-0.186
0.0020000000000000018
0.06000000000000005
0.12799999999999995
0.266
0.30600000000000005
0.44999999999999996
0.536
0.6439999999999999
0.696
0.732
0.8440000000000001
0.8560000000000001
0.94
0.952
0.98
0.996
1.0
0.988
0.978
0.958
0.9299999999999999
0.8819999999999999
0.8220000000000001
0.806
0.6779999999999999
0.6319999999999999
0.498
0.49
0.36000000000000004
0.264
0.176
0.09400000000000003
-0.020000000000000018
-0.08200000000000002
-0.20799999999999996
-0.34400000000000003
-0.332
-0.516
-0.6100000000000001
-0.692
-0.738
-0.798
-0.8440000000000001
-0.9159999999999999
-0.952
-0.976
